13 8 2 11 7 6 12 14 3 17 5 10 15 1 9 4 20 19 16 18 
8 10 7 4 11 5 6 14 12 13 2 9 1 19 15 17 20 16 3 18 
12 7 8 18 3 5 19 9 16 4 13 6 11 1 14 2 15 17 20 10 
11 15 6 12 4 14 17 1 2 19 13 10 8 3 18 7 9 5 16 20 
9 8 10 4 14 12 2 13 16 11 5 7 1 3 19 17 20 15 18 6 
16 9 20 2 12 15 6 8 5 4 14 3 7 19 17 11 10 1 18 13 
12 20 16 15 9 6 13 7 18 11 5 8 14 2 19 10 17 1 4 3 
12 13 8 9 17 7 6 11 4 2 1 3 15 18 14 10 16 5 19 20 
4 5 18 12 13 7 16 2 11 6 17 8 19 10 3 9 20 14 15 1 
9 20 14 11 13 5 4 12 16 15 3 18 8 7 6 2 19 17 1 10 
18 7 11 4 20 9 6 13 5 17 10 12 14 1 2 3 8 15 19 16 
20 18 1 8 6 16 13 4 12 17 10 7 5 11 3 19 2 9 14 15 
14 7 13 16 19 5 8 2 9 3 11 6 15 1 17 12 10 20 18 4 
4 8 20 18 15 19 7 6 12 13 5 10 9 17 16 14 2 11 3 1 
5 20 16 13 15 12 4 1 7 11 18 3 17 2 10 8 19 6 14 9